61.333333333
41.333333333
57.0
44.666666667
54.666666667
53.0
48.666666667
57.666666667
56.333333333
61.666666667
68.333333333
63.666666667
69.666666667
56.666666667
85.666666667
71.0
70.333333333
58.666666667
62.666666667
61.666666667
53.0
56.333333333
53.666666667
63.333333333
71.666666667
56.333333333
66.666666667
67.0
55.666666667
61.333333333
43.333333333
56.333333333
64.0
52.333333333
80.333333333
60.666666667
75.666666667
74.0
56.0
51.333333333
65.0
71.0
64.333333333
66.666666667
47.666666667
66.666666667
37.333333333
71.0
60.0
65.666666667
58.333333333
57.0
41.666666667
49.333333333
58.333333333
40.666666667
67.0
56.666666667
76.0
52.0
62.666666667
74.0
69.333333333
79.0
61.0
75.0
82.666666667
79.333333333
63.666666667
66.666666667
74.0
71.333333333
39.333333333
83.666666667
84.333333333
47.666666667
56.333333333
77.666666667
69.666666667
54.0
50.333333333
63.0
73.666666667
44.666666667
77.0
51.0
67.666666667
76.0
60.0
60.333333333
68.333333333
66.0
48.333333333
67.666666667
46.0
64.333333333
57.666666667
63.666666667
76.666666667
56.333333333
69.333333333
44.666666667
76.333333333
69.333333333
67.333333333
84.666666667
74.333333333
53.0
62.333333333
56.0
65.0
48.666666667
78.666666667
70.0
70.666666667
44.0
57.333333333
70.666666667
50.333333333
53.0
38.333333333
65.333333333
63.0
69.666666667
55.666666667
40.666666667
73.0
49.333333333
57.0
72.333333333
42.333333333
74.0
50.0
64.0
59.0
48.333333333
52.0
54.333333333
57.0
57.0
64.333333333
47.666666667
62.333333333
54.0
65.666666667
75.0
61.666666667
59.666666667
51.666666667
48.0
89.333333333
56.333333333
59.666666667
58.0
49.0
61.333333333
49.333333333
62.333333333
53.0
57.0
81.333333333
58.0
79.0
78.0
77.666666667
58.0
60.333333333
58.333333333
77.0
65.0
77.333333333
56.0
51.666666667
50.333333333
57.333333333
52.0
56.666666667
75.666666667
74.666666667
62.016759777 61.134078212 61.938547486
